ksi_TUM1 = [0.002762 0.000839 0.000496 0.002090 -0.002871 0.000781];
ksi_TUM2 = [0.004741 0.001163 0.001622 0.003711 -0.005397 0.001589];
% 0.005849 -0.000082 0.002061 0.005391 -0.007813 0.001338

ksi_New1 = [0.002762 0.000839 0.000496 0.002090 -0.002871 0.000781]; 
ksi_New2 = [0.004740 0.001161 0.001620 0.003709 -0.005397 0.001589];
% 0.006119 0.001240 0.002121 0.004614 -0.007123 0.001895

ksi1 = [0.0006    0.0036    0.0007   -0.0051    0.0002   -0.0003];
ksi2 = [0.0003    0.0001   -0.0001   -0.0010    0.0015   -0.0007];

con2_TUM = (ksi_TUM2 - ksi2)./ksi2
con2_New = (ksi_New2 - ksi2)./ksi2